135 135 2210
0 -60.0 150.0
30 32.0 51.0
226 246.0 83.0
37 233.0 13.0
24 278.0 83.0
36 290.0 80.0
1 310.0 80.0
31 335.0 105.0
24 300.0 105.0
30 290.0 100.0
24 265.0 117.0
24 283.0 143.0
32 270.0 143.0
24 235.0 190.0
24 260.0 200.0
19 250.0 200.0
24 205.0 190.0
18 -200.0 130.0
36 -210.0 140.0
115 -300.0 300.0
24 -50.0 300.0
24 13.0 178.0
61 18.0 138.0
71 18.0 131.0
36 20.0 136.0
18 48.0 170.0
30 70.0 150.0
31 98.0 166.0
36 114.0 145.0
18 144.0 113.0
1004 110.0 120.0
18 93.0 107.0
34 6.0 28.0
504 -300.0 -100.0
18 20.0 0.0
39 145.0 10.0
24 150.0 18.0
37 172.0 24.0
24 172.0 42.0
99 182.0 44.0
24 203.0 21.0
24 228.0 31.0
36 230.0 40.0
30 208.0 40.0
25 208.0 40.0
24 185.0 64.0
122 -140.0 160.0
196 -5.0 69.0
229 32.0 28.0
83 56.0 18.0
18 87.0 28.0
24 90.0 33.0
306 90.0 35.0
18 112.0 33.0
20 108.0 47.0
18 115.0 46.0
24 123.0 47.0
22 123.0 55.0
24 112.0 69.0
18 65.0 97.0
18 58.0 85.0
24 72.0 60.0
24 72.0 40.0
30 -40.0 -40.0
24 -30.0 12.0
40 -400.0 490.0
166 -150.0 100.0
254 -110.0 -100.0
187 -250.0 -200.0
94 -250.0 -350.0
17 -240.0 -350.0
285 -180.0 100.0
24 -20.0 100.0
24 -40.0 80.0
205 -30.0 50.0
23 21.0 62.0
28 -17.0 30.0
51 -30.0 20.0
49 -70.0 0.0
19 -30.0 -60.0
262 -300.0 -110.0
120 -620.0 -100.0
266 -80.0 300.0
704 10.0 600.0
38 100.0 520.0
18 100.0 520.0
30 100.0 510.0
25 160.0 290.0
12 260.0 210.0
18 160.0 210.0
25 155.0 192.0
35 0.0 165.0
18 172.0 143.0
12 165.0 78.0
20 169.0 77.0
1126 180.0 20.0
9 162.0 40.0
36 150.0 40.0
12 150.0 30.0
31 148.0 24.0
96 145.0 30.0
27 130.0 26.0
54 118.0 30.0
137 120.0 40.0
12 128.0 36.0
58 134.0 55.0
206 -1500.0 80.0
178 -1520.0 10.0
486 -1520.0 0.0
36 -1420.0 -310.0
261 -780.0 -190.0
135 -780.0 -180.0
135 -780.0 -170.0
373 -800.0 -140.0
535 -1180.0 220.0
42 -1070.0 300.0
9 -850.0 140.0
110 -780.0 150.0
36 -150.0 160.0
18 -620.0 320.0
726 -1200.0 -200.0
187 -900.0 -220.0
23 -790.0 -190.0
134 -790.0 -185.0
47 -790.0 -180.0
51 -780.0 -175.0
43 -790.0 -170.0
79 -800.0 -170.0
112 -800.0 -160.0
91 -800.0 -150.0
232 -480.0 370.0
483 -850.0 150.0
828 -620.0 -90.0
11 -150.0 -40.0
12 -10.0 32.0

Best known: 1162.96
